228894630
517926354
595087207
759119402
736264781
245861786
268326662
44151877
687223688
366423331
1079900
563228
767808
964877
728618
2236283
845532
600733
953197
741223
859993
413726
900215
500313
1290154
678596
1657608523
1
1
1
1
1
1
1
1
1
1
1
1
1
1
1
1
1
1
1
1
1
93
1
1
1
1
1
1
165.3728841371657609189.91592029166.3735665491657609190.99884929167.3818274631657609191.108526297168.3900651171657609192.116805794169.3908836841657609193.117666609170.3920229261657609194.118506665171.3933582411657609195.119334002172.3940369821657609196.120033496173.3947632971657609197.120796985174.3955659531657609198.121393894175.4038704471657609199.122014701176.4122083671657609206.372713053 
177.413396488 
1657609207.373414865 
178.414168685 
1657609208.374339482 
179.415473863 
1657609209.375455397 
180.416162562 
1657609210.376387816 
181.417014518 
1657609211.377339489 
182.417788703 
1657609212.378083126 
183.418254191 
1657609213.378843518 
184.418945035 
1657609214.379583971 
227.43490321 
1.8398629 
1.535198 
1.8261643 
1.744912 
1.8051455 
1.608493 
1.8325702 
1.695984 
1.8350020 
1.597258 
1.8530822 
1.554414 
1.8317315 
1.736882 
1.8179920 
1.636286 
1.8278498 
1.618259 
1.8342138 
1.793265 
1.8233461 
1.751023 
1.8111484 
1.749050 
1.8325448 
1.756737 
1.7956888 
1.467953 
1.944160 
1.769654 
1.733414 
